camera_matrix:
- - 19351.056819845446
  - 0.0
  - -182.95806508786654
- - 0.0
  - 2970.591070237026
  - 117.40257025310378
- - 0.0
  - 0.0
  - 1.0
dist_coeff:
- - -189.41226517342577
  - 9228.970395221835
  - 3.401078925875402
  - 1.324722002452749
  - 125.46783683331735
